1 0.45588754906703766 0.23037718935124696 0.19480314169659144 0.21786756823731823
1 0.7119963758149273 0.25576894573090714 0.20093103971443382 0.2043533454212277
1 0.06624317408334876 0.31112682159471583 0.11737639982892203 0.19986174142595298
1 0.2518429928740951 0.31692890659909884 0.20588563429763232 0.20878399805847644
1 0.4599359653684303 0.4842068804500342 0.20151101521353737 0.2037803741162683
1 0.6804907647532202 0.5257011277629065 0.20897438614737215 0.21132779537983382
1 0.10995505192320304 0.5631091572823543 0.18733977076275676 0.21032014697375276
1 0.36172543640809846 0.06059003626715162 0.1465277958931199 0.12118007253430324
1 0.29403626775195063 0.6977969138525293 0.18124049238719342 0.2418352257101873
1 0.5327878016054508 0.743259146468026 0.2070875573745554 0.2088399785254811
1 0.5785332831201286 0.06882892854990447 0.15225887393256507 0.13765785709980893
1 0.13324940276240785 0.09777396576962924 0.19919111321712338 0.19554793153925848
