1 0.32353039196978767 0.12361869999178136 0.16426751352329885 0.15863860442270386
1 0.6424860022290376 0.1570511971356159 0.1637050633500869 0.15921857992180735
1 0.7510423503989558 0.25324318582936767 0.24276955642161505 0.18596424053745364
1 0.2317184169293247 0.30751676029982256 0.2658048800579272 0.2647188217181943
1 0.7703625990572746 0.40434971689194704 0.2930863670315478 0.2974511969096927
1 0.24317866226538454 0.5239468583034085 0.2772365271885746 0.3682520946484431
1 0.7637635576284197 0.6021366547667882 0.34080054631286105 0.33089709743936385
1 0.3341360176477288 0.7026670857235343 0.32097688629781157 0.3116167225269575
1 0.7211695475196659 0.7457683772285013 0.34595484090780104 0.3364736396003819
1 0.562067864085529 0.8007134540090133 0.2815202806883049 0.36960092000087247
