1 0.28817703597085725 0.4994505843872806 0.2383516940707827 0.28240425763939103
1 0.8589967849209887 0.5589668391584305 0.18752146539042924 0.21285869272331143
1 0.6702830075736207 0.572767943028988 0.3059334754330119 0.2997577464696698
1 0.46029648934928163 0.5714324446382959 0.2410759247857156 0.3394746177538791
1 0.3339771451431385 0.6473863342120934 0.14946329138309294 0.1257669605586204
1 0.8469764325765277 0.6820933628220508 0.14051294521838725 0.1368494531596611
1 0.6458234001752893 0.6882632074439093 0.2181004998045277 0.21272705765364744
1 0.35450803634008243 0.114335364366114 0.1579349026985493 0.14765340841553196
1 0.5281912873030744 0.17197809185148438 0.20230641682115055 0.1989812528235431
1 0.4499595988690689 0.35276638879572797 0.2262048702647325 0.19741684824401787
1 0.6794331939730467 0.40036257321152163 0.24188858082934234 0.15778200634783537
