0 0.9204354963764376 0.27760636953183837 0.1510550095922349 0.27917037950037404
0 0.6950463779770466 0.29400964680048136 0.23317228165514364 0.23243676225964227
0 0.16981885518845347 0.32267790083530995 0.21089067706089784 0.2096976340740654
0 0.4514093303494241 0.4001934789265495 0.16827305986936095 0.2723644795558495
0 0.801520692185935 0.06556234685277845 0.1084970771665916 0.0962118061722223
0 0.5694096487809421 0.06497085062366502 0.12079608705350034 0.10610694148899583
0 0.8456694363244407 0.615038023436646 0.14785785375652366 0.27248986490194993
0 0.06329822367916245 0.6603043752920406 0.1265964473583249 0.2737337505840812
0 0.5935361205521456 0.6825365165400646 0.16616647902804765 0.28252487556941774
0 0.2809661757727261 0.6776668444577995 0.2312644798706298 0.22878903042366472
0 0.453125 0.90625 0.18509615384615385 0.18269230769230768
0 0.8858173076923077 0.9170673076923077 0.18028846153846154 0.16105769230769232
0 0.21995192307692307 0.9350961538461539 0.1466346153846154 0.125
0 0.35506053423890876 0.11530772474754304 0.18982848173842987 0.18758744249708886
0 0.03478582445134972 0.1414362770340278 0.06957164890269944 0.273257169452671
