1 0.7915921465990292 0.5684145322284802 0.1880255971230451 0.19606835987429522
1 0.4832703358919458 0.5685332054766309 0.18982848173842998 0.19619442984775104
1 0.10205863518158274 0.6074919070899074 0.2041172703631655 0.1882473432161101
1 0.8268398382979346 0.80573116494245 0.2220227362605933 0.23083156579790873
1 0.33225492305748416 0.7916206845232399 0.2312994522603395 0.24047633874211108
1 0.3718211256270768 0.259647771348805 0.14468822811972723 0.12886586586942603
1 0.8860600918654781 0.3847301380984558 0.16765822522670903 0.15566111349076608
1 0.6454306697528943 0.3763342698428043 0.15589023209884226 0.14284343955631498
1 0.38925905424652163 0.40539138026104443 0.15093621931891518 0.1580902296359475
1 0.08156640292261373 0.4209669602112539 0.16313280584522746 0.17802276038729878
