1 0.6951344848918299 0.21045956746691064 0.1717247889592118 0.27655748567106697
1 0.2920706612156709 0.2579493848977333 0.18650011332268204 0.22878965367240084
1 0.7787567757271397 0.37248658374354665 0.1720215456401504 0.25916460307940226
1 0.4512252890890168 0.42638345387796434 0.21586331012591187 0.22569706052698565
1 0.2832138973561204 0.49020055493364667 0.22319023663685553 0.23272766173470194
1 0.6106465690596887 0.5107529115210199 0.1778288127478861 0.2823161597544202
1 0.7465599619177369 0.6349139845269717 0.22805037805791364 0.23601248561676916
1 0.45776883242283317 0.7393853364804885 0.22560457261337488 0.23346863136804322
1 0.30506166271756313 0.751881619736123 0.16106482860700227 0.2849418723210311
1 0.6139200174882785 0.8047340370350946 0.17039698801021033 0.2692759431620887
1 0.5733714335673553 0.11894160651407117 0.15186158872196154 0.23788321302814233
1 0.4465611007753862 0.14328964010363726 0.2066810498862175 0.2155566455558019
