0 0.6266672354496912 0.3462751241457202 0.15391956221041525 0.3565803705024889
0 0.3989324391355116 0.5950094664584811 0.13145646855746934 0.2771415660830475
1 0.10125140310168843 0.6425681369711073 0.07959727920408614 0.16929324363408982
1 0.024969032729573185 0.7274361723108501 0.04993806545914637 0.13015732150306208
1 0.1820639251260969 0.8426048189494856 0.1595629173146742 0.15593963137127012
0 0.4278969929237907 0.8873145220036404 0.1340603033045865 0.22308299795713865
1 0.29095326914496683 0.9141685907913352 0.12258797355926952 0.11847373476138646
1 0.2221987806980653 0.9197796288932287 0.07903407116082811 0.15547112824947446
1 0.14297389698949886 0.97582248813854 0.05472116335176128 0.04537978907654095
0 0.7235209881255616 0.1821361064003135 0.25958575785264115 0.2514509611607852
