1 0.45442461406472334 0.23298336724283567 0.20408775199441725 0.20639811874774963
1 0.7103164504534181 0.2598603647865195 0.1974596888764853 0.2055277968407735
1 0.07523356294501521 0.31100831939177576 0.13675794912380657 0.16163720737029463
1 0.2499320777753784 0.3183300775085552 0.14637615156192246 0.265271952354194
1 0.4569960959857893 0.4867850349234338 0.19804316422009208 0.2049513226085405
1 0.6772499087433087 0.5295543477639113 0.2031306356454625 0.21476260567375396
1 0.106651198712235 0.5636345963734004 0.18616382300970033 0.20926926879166066
1 0.36119356426490723 0.05674548303627615 0.15748328237596831 0.1134909660725523
1 0.28989945154923424 0.6993662252711202 0.20905282005580345 0.21200267104373247
1 0.528322000019439 0.7462086112324318 0.2059256089995115 0.20767350374335847
1 0.5780643039567075 0.06856372945358752 0.1583226197290024 0.13712745890717504
1 0.1326754282638922 0.09787204773329118 0.19804316422009208 0.19574409546658236
