1 0.39066369569942744 0.5002501303103675 0.13507246314684396 0.12996192983122976
1 0.21100781397946763 0.5758322338335228 0.1495312484934032 0.1456673445461648
1 0.4710149954945101 0.5839372203249094 0.13284920418213084 0.17861534040293847
1 0.3437805154125431 0.6183392729568472 0.12460715378726948 0.18277312308481763
1 0.25149566364281767 0.713850602746362 0.10206241792875331 0.2192919252528234
1 0.4385508019872605 0.7608506679015459 0.15951394270221705 0.15473770829434733
1 0.394708244925015 0.18645031105874083 0.13132894612423568 0.17079584781903107
1 0.49183749318456343 0.26883758182165607 0.11556619833239673 0.21155983996775846
1 0.27867877929157137 0.2893130309879422 0.1495312484934032 0.1456673445461648
1 0.20033134846379275 0.313813003064292 0.1669948415322702 0.16139024072086847
