1 0.47618528218060424 0.4338942307692308 0.13142293010693004 0.125
1 0.9290863603125863 0.4387019230769231 0.1011920881842518 0.10817307692307693
1 0.6539282894340346 0.46274038461538464 0.13142293010693004 0.125
1 0.7833967850123522 0.5216346153846154 0.13585358274417886 0.12980769230769232
1 0.43464150410647034 0.5516826923076923 0.13336576588982602 0.12800480769230768
1 0.5851321438597015 0.5721153846153846 0.12366641057393456 0.12620192307692307
1 0.7193523512787069 0.6322115384615384 0.14462926035449597 0.11177884615384616
1 0.46669493605966667 0.6634615384615384 0.15000992396714763 0.11117788461538461
1 0.9171921680378025 0.6682692307692307 0.10788663580783556 0.10997596153846154
1 0.8332485133966816 0.7415865384615384 0.13529377807413404 0.11778846153846154
1 0.5566382643033603 0.7451923076923077 0.1492278543927583 0.1201923076923077
1 0.6947737904853336 0.7728365384615384 0.1289910937195817 0.12439903846153846
1 0.7180023703648559 0.32572115384615385 0.13073799786796167 0.12319711538461539
1 0.5819874740743587 0.3557692307692308 0.13713947652160877 0.13161057692307693
1 0.8558579942118066 0.359375 0.1289910937195817 0.12439903846153846
