1 0.5564903846153846 0.9338942307692307 0.24278846153846154 0.12740384615384615
1 0.42740790888180674 0.16120560717078028 0.3010493407083699 0.29271575900074814
1 0.6667744607378486 0.19318697875058816 0.32002303865217485 0.3111642312066776
1 0.17029679661071898 0.27166560527190187 0.2791133819530197 0.3666335257619927
1 0.8557692307692307 0.36778846153846156 0.28365384615384615 0.32211538461538464
1 0.3774276101996656 0.467359286005449 0.32691707111223944 0.3167267479385953
1 0.6725763229295295 0.5558600222098296 0.33649840526313757 0.3277538686569447
1 0.15130431583197132 0.6193560704052885 0.2561193681931548 0.3630971917370462
1 0.8810096153846154 0.7055288461538461 0.23317307692307693 0.2956730769230769
1 0.4467628683488461 0.7366749853856842 0.3807567599060976 0.2903693703957536
1 0.7608173076923077 0.8605769230769231 0.3004807692307692 0.27403846153846156
1 0.28125 0.8786057692307693 0.27884615384615385 0.23798076923076922
