1 0.8879045364906956 0.6387198343923909 0.22372720413258607 0.23274402811067263
1 0.4170723600841919 0.6416719383840349 0.36921541797237656 0.19352232760933782
1 0.7234936585589467 0.755027197924771 0.286192240029614 0.2330147066235552
1 0.2431020401018135 0.7622830732694628 0.31178184464206166 0.21273437880454685
1 0.5201876872888062 0.8320592622539572 0.23224555797996352 0.24219938202290991
1 0.422310239007481 0.26597393626175647 0.2735510692601385 0.23055042575519927
1 0.6570208943960123 0.3071031633773731 0.23710220003181676 0.24665807326946282
1 0.160096051326921 0.3387175616668214 0.2670244061841944 0.23741551856041948
1 0.8590147415903472 0.4269975133055797 0.2789107733621317 0.22662715052295604
1 0.358610000061186 0.4692402489293439 0.25230805182880967 0.26307044976109495
1 0.6476589354526543 0.5348386467994519 0.2589885569578306 0.2694265108020286
1 0.12536783699747908 0.5543129448906503 0.24050517746534833 0.22941915901206988
