1 0.526802354606441 0.2363407174331283 0.15960331056839294 0.14029015732759434
1 0.3742671314972439 0.24988272878387308 0.16416538078894036 0.15293132738700876
1 0.6091140248879641 0.3402305458415678 0.1581378340290322 0.1685143718835644
1 0.289984806885456 0.3624229652284762 0.15460450000357268 0.1456673445461648
1 0.4470724248234159 0.3681466860280377 0.17511033722071284 0.16260614896560632
1 0.37602918543307473 0.4963958334795296 0.1601953064192081 0.14810265732759434
1 0.5189669553021801 0.4984298740414331 0.1602408445615785 0.14870361886605588
1 0.6504498834857922 0.5088144428866315 0.13362676939571225 0.21762889231558666
1 0.23689726873951303 0.5076109170994095 0.16162492020798302 0.1511144576038095
1 0.2858462530967051 0.6233311765115801 0.17123133913572125 0.15897940198311497
1 0.44025679602659645 0.632646681374096 0.16939188206561276 0.15055894786074592
1 0.590515112017274 0.6491527469464281 0.15336671417606376 0.17689636679444265
1 0.33841893805995926 0.7547044062593802 0.16814442084631914 0.14995099373837698
1 0.4911721764892236 0.7700225339226041 0.1640653388165532 0.15953840801813202
