1 0.8430374092483729 0.5206318920414504 0.23532602856575016 0.23920647646519583
1 0.3701120402930387 0.5867360743435566 0.37835579592242424 0.2042520991979619
1 0.6691616606610425 0.6591713647749626 0.26726116238606407 0.2711063948812444
1 0.18631281616832585 0.7308681363548197 0.3220884087443569 0.22177829430068685
1 0.4592120782576576 0.7635908100040942 0.2443171605829577 0.24890768439092006
1 0.40383553955475987 0.20974925429657473 0.25902503736831706 0.2638580891699949
1 0.6363619940227724 0.2194635444975483 0.2595185355652107 0.24357256504418862
1 0.13722170075531676 0.31777427039039263 0.2744434015106335 0.245142358984306
1 0.8300740793934737 0.3124538202475734 0.25966451027202836 0.2645081067690852
1 0.32448186067808044 0.4218761901964974 0.2654197664054298 0.270358265160897
1 0.6097084444586408 0.44881005032550625 0.31628657049152437 0.23385886994146377
1 0.10490485277529261 0.5383638230724469 0.20980970555058523 0.23637331539356765
