0 0.9174530229312267 0.19654806743901856 0.154268519712779 0.285007051083284
0 0.6918118645223813 0.23258593342703626 0.2358187017544154 0.24168224623761309
0 0.16610826616037405 0.3070332285401932 0.15332473588711704 0.27655507817957276
0 0.44687261017924396 0.35976932568077796 0.22328523755438376 0.228291826624926
0 0.8009746054987836 0.02284390808416293 0.10958925054089427 0.04568781616832586
0 0.569052426265087 0.029575326248686067 0.14074130131597984 0.059150652497372135
0 0.8387383360644433 0.539649602578298 0.2132535687331129 0.21745929862708407
0 0.06024923967590096 0.6541095050543769 0.12049847935180193 0.2795213745066307
0 0.5857508847045525 0.628987638214497 0.1694149947054607 0.28897464290683517
0 0.27315293547963815 0.6514173942982074 0.17160967622050302 0.298705561617969
0 0.4417813491098382 0.8671814917227463 0.1852063199469703 0.19108686411392248
0 0.8753817322043255 0.8465878244739732 0.17782337034183152 0.18641799696169523
0 0.2080960838276814 0.9241141864014532 0.15869464047941906 0.1288492941193176
0 0.3538143364143839 0.097818881834412 0.1631401090957727 0.195637763668824
0 0.034757820005854784 0.13839134081551513 0.06951564001170957 0.2761019337535851
