1 0.2453466496138047 0.4964272305346156 0.23034696027944818 0.27981481105261763
1 0.8127021761379981 0.5493229002487721 0.18149602026084685 0.21081512947104714
1 0.6222037993590862 0.5653355314745198 0.29749084592005093 0.29639146590686455
1 0.41169239894899895 0.5664495095848294 0.23140718725220005 0.3368921696713944
1 0.27833963345383 0.6439290730935365 0.13544005359629507 0.13467384710328537
1 0.7898692507671241 0.6726733760496267 0.13665946286807304 0.13530278371188587
1 0.58756147755724 0.6811947181124471 0.2762923741294085 0.14575943030953553
1 0.34558503918236316 0.11027623187873961 0.153783651257529 0.1459107808476764
1 0.5147543033479207 0.1659313841461543 0.19670135158433 0.19675572845977576
1 0.42046122003002045 0.3477554597251072 0.20783341078402545 0.2078248117833335
1 0.6464705927080601 0.39270620951981894 0.23752713944194154 0.15506658668386783
