1 0.890625 0.6274038461538461 0.21394230769230768 0.22115384615384615
1 0.4351266692586969 0.6368926505402212 0.3742888188062975 0.18924059025952808
1 0.7443820744061936 0.7466879713351253 0.29254273831483246 0.2297070470014434
1 0.2649351581733079 0.7595500494291587 0.26331396361455334 0.26331396361455334
1 0.5436302980386479 0.8261026718327819 0.2654637606605807 0.21300460552738443
1 0.4294130001749703 0.26108252436295587 0.2798490840884542 0.22738992895525792
1 0.6649633908739437 0.29947872763826844 0.24392504942915877 0.24392504942915877
1 0.16971801842573667 0.33689554577328534 0.2735323548401206 0.23433210704828158
1 0.870141234453705 0.41703248791862496 0.25395671825042965 0.25453319248266265
1 0.37173086428684365 0.46511968990857777 0.3103154902891386 0.20943249964837646
1 0.6622493364715856 0.5273543661290808 0.31140619795217245 0.22147621772383588
1 0.14132280789587887 0.5529254097101883 0.23644415059910553 0.23702062483133843
