1 0.4112031743778737 0.5326223795011054 0.11386328240687806 0.16629430280100074
1 0.23459381820352077 0.5922285678392212 0.15545231830381656 0.1565561292594823
1 0.494994099788964 0.6230361706461901 0.16440539650919342 0.16385349103136065
1 0.36913546995340024 0.6461920198255015 0.16185438217346126 0.16185438217346124
1 0.2807324813788835 0.7332949732018377 0.168403614224992 0.16895551970282477
1 0.46975312007533077 0.7964811629523905 0.1658035438286312 0.1663554493064641
1 0.40242283380663235 0.2202940261217849 0.15925431177710053 0.15925431177710048
1 0.5029425701733885 0.31087946388754933 0.12418983112681604 0.21966947879190274
1 0.2905700564211981 0.312646275534513 0.13779134301316467 0.17421710455013414
1 0.21320537576942172 0.33020933706999034 0.11394890735113493 0.23316049056303506
