0 0.6346458010762717 0.3686515453627774 0.2519179607875154 0.25768492401234205
0 0.4127339579211403 0.6097871405080199 0.12501762612198325 0.28133976893803003
1 0.11620071553886034 0.6470182319973888 0.12290172358808399 0.12571521778272027
1 0.0341823145654187 0.7290734714242932 0.0623619555435667 0.13225642293055356
1 0.2016604021036631 0.8501615840884542 0.09926628184170014 0.216633866305734
0 0.44850128871734596 0.9035195850238733 0.17611897165215332 0.1813311903476866
1 0.3112980769230769 0.9182692307692307 0.06971153846153846 0.15865384615384615
1 0.2439903846153846 0.9230769230769231 0.07932692307692307 0.14903846153846154
1 0.1658653846153846 0.9771634615384616 0.052884615384615384 0.040865384615384616
0 0.7276642432579613 0.2076611797586077 0.14983978271484671 0.36162169695786905
