1 0.5336109432472798 0.23634071743312834 0.15094842527130992 0.145069879299657
1 0.381496869950918 0.24988272878387308 0.15857981723538211 0.15412625788002451
1 0.618940853854123 0.3402305458415678 0.16470139355400668 0.15656506695340772
1 0.3005135522063406 0.3624229652284762 0.15037545396635063 0.1456673445461648
1 0.45774155341524564 0.3681466860280377 0.17038994973518293 0.16260614896560632
1 0.3904535665226866 0.4963958334795296 0.15245824091675772 0.15168744880664134
1 0.5334264322095282 0.4984298740414331 0.15134028854034148 0.1534833408381185
1 0.6651901269350307 0.5088144428866315 0.17427562130097457 0.16863674210194382
1 0.2516726080064877 0.5076109170994095 0.14463257428184353 0.16425869302698196
1 0.3039907908663629 0.6233311765115801 0.1551568130042145 0.1709287069132717
1 0.4586470045204082 0.632646681374096 0.1650224527574455 0.15055894786074592
1 0.6093615661416574 0.6491527469464281 0.1654143160264771 0.15897240939920745
1 0.3603889199628717 0.7547044062593802 0.16035471161726456 0.15353578521742398
1 0.5135633082049715 0.7700225339226041 0.15943269087536402 0.15953840801813202
