1 0.4175999467685983 0.23995367541717347 0.27962460818895457 0.2776480598693609
1 0.871347354782919 0.35880576100958567 0.23345974006958414 0.29371202128606516
1 0.6040837503373231 0.4362112252072701 0.24634929274579134 0.3006898083010945
1 0.2779034728879889 0.5453434410340997 0.2912010223743492 0.29659261906905654
1 0.045428244026609096 0.6546062976836416 0.09085648805321819 0.22984990463271687
1 0.7878739502209006 0.698574544228136 0.28202845434280077 0.2777180046487804
1 0.5157536788551551 0.7773218210615827 0.277122812810194 0.27517426893609537
1 0.19055289365496536 0.8624155753499507 0.2845190286043075 0.26518524331536253
1 0.6658818522980021 0.9230157950146991 0.24899906127499621 0.11528995822901213
1 0.7735793379352812 0.0907017664497889 0.318225939514053 0.1814035328995778
1 0.1635227835043222 0.17051468989198407 0.2664146754600545 0.29226991584923717
