1 0.4660533904908567 0.4454479347365922 0.14999208302273542 0.11148812273453529
1 0.9188422038949745 0.4608022284866461 0.10371804456119695 0.11041108253418813
1 0.6431228093771015 0.4784623740334407 0.15669934159045068 0.10444443469383025
1 0.7712160620390823 0.5404338625179494 0.15677075324375359 0.11404583177414537
1 0.4217591265840489 0.5623971441708872 0.16318384854007165 0.10279541296420956
1 0.5717726412438571 0.5863546953160795 0.12661335968037088 0.1289434799505343
1 0.7045895395645595 0.6496400071580669 0.13382489814190934 0.1291113303713677
1 0.4512024036144017 0.675043217499039 0.13695577580767285 0.13098415266209948
1 0.8991835247108272 0.6902856109685371 0.11109767632067666 0.11298277910886757
1 0.8159316791236227 0.7617845391018169 0.13245488176704504 0.12667950914738257
1 0.5392372314844033 0.7589560422006415 0.14085570830983912 0.1352748086417469
1 0.6767272354811572 0.7898453811059836 0.13301381998102138 0.12609253514399052
1 0.7103964350520536 0.3427859466308767 0.1324969050915302 0.1272804706858441
1 0.5736798842124049 0.3697008156983979 0.1469199820146074 0.12761617152751084
1 0.8474662058039548 0.37968490092083407 0.13748532569283148 0.1213967431168537
