1 0.4521869194233089 0.20361392647677307 0.11861665970784767 0.26396465870800145
1 0.6895854451511767 0.24491713761982048 0.19169733935175925 0.19602633654980992
1 0.7899017499904831 0.2945997436685893 0.17901671232955743 0.1825656777524119
1 0.6033414909707997 0.3486604521723527 0.17070029137491277 0.17240398991871864
1 0.4825278433008449 0.041782221045535674 0.12370953275553595 0.08356444209107135
1 0.6091791288299752 0.552121638768235 0.1694983682979897 0.17231994326974814
1 0.7612513377155885 0.5535509917671745 0.13893359339616312 0.217484621961519
1 0.9182692307692307 0.6887019230769231 0.15865384615384615 0.17067307692307693
1 0.5642261576713705 0.7301825841257565 0.1399176064602502 0.2019856919349748
1 0.7121256862522396 0.7210467693793 0.12511658882118964 0.19376559368578966
1 0.8327333707316509 0.8356584915732502 0.17582293427925813 0.1787497918992161
1 0.657625431407223 0.8780614258950004 0.13087935453812485 0.16662564281038236
