1 0.6951344848918299 0.2226986986268186 0.1717247889592118 0.27363439420847724
1 0.2920706612156709 0.2631436553384502 0.18650011332268204 0.22559317955503655
1 0.7787567757271397 0.3862398342222061 0.1720215456401504 0.2562309968993212
1 0.4512252890890168 0.4344166980413403 0.21586331012591187 0.22198536525254625
1 0.2832138973561204 0.495310707634433 0.17004778221590572 0.2807724707513299
1 0.6106465690596886 0.5216040999720722 0.2262474934425293 0.2320170340738174
1 0.7465599619177369 0.64818355800103 0.1713650933422342 0.2874320222868641
1 0.45776883242283317 0.7476288749936912 0.15947174044508186 0.2941538146238302
1 0.30506166271756313 0.7574544200065279 0.16106482860700227 0.28220804577328534
1 0.6139200174882785 0.8157324315310256 0.21645378184170014 0.22140889102031353
1 0.5733714335673553 0.1111565452483742 0.20972781686921793 0.21452895372872163
1 0.4465611007753862 0.15115464878715199 0.14409104801265443 0.2731089396604226
