1 0.6654724196504979 0.29485049050039547 0.17054718616162862 0.1952526678601595
1 0.8634692179189193 0.30861021133563915 0.19404764427970278 0.19842063140062186
1 0.39047242984037767 0.38674257930516254 0.17768241406865612 0.21066172858261736
1 0.11531598938242515 0.40517735232274205 0.1811622670632772 0.2072659714941678
1 0.7560974400302576 0.4413225108244714 0.19776406254077783 0.1674506475903813
1 0.545440392144833 0.4788836077892756 0.17310556819390208 0.21699228931593473
1 0.22705669299636574 0.5010404495916141 0.19222377362496004 0.1977146637910006
1 0.9004846599088593 0.5063793409188728 0.1946695918575223 0.19905659496280342
1 0.3883967521880386 0.5687229922526262 0.18842913003996864 0.1920959978025271
1 0.6923306695405551 0.5811300492208524 0.182188668222415 0.18513540064225076
1 0.15906983930099547 0.6579549272546777 0.1946905778968802 0.19965755650126488
1 0.5436165469647901 0.6680755591982778 0.1782547559648386 0.19270288647621106
1 0.8284036392439695 0.6840065270793884 0.1785199408735718 0.1831225038845464
1 0.3291171645821422 0.7335609031220722 0.20806435285205616 0.17044952814746658
1 0.48130343012550764 0.07272395565191431 0.17895301409716916 0.14544791130382861
1 0.6664263907433348 0.7705201585017293 0.18905107761778825 0.19273196136470852
1 0.47940335081505336 0.8295877170267142 0.19091692035124688 0.19463985205125284
1 0.30811585801827857 0.09767359138232477 0.19093790639060487 0.19524081358971448
1 0.6346764534387533 0.10274095606457777 0.17496377732443966 0.20150729741081452
1 0.8085241411384073 0.14922076189605898 0.20118859102024608 0.1796448884782119
1 0.4888011650098371 0.23649146199456325 0.17351765537814146 0.21161863749350085
1 0.2532662140116301 0.2514141783697036 0.19844324940315572 0.20407429941281532
