1 0.43308423016044395 0.20618468063719111 0.11263487443380185 0.2633500658417812
1 0.6657805554543758 0.24885755588210065 0.18742463558458383 0.19496221290144009
1 0.7614926223687865 0.2991090993270276 0.10268725211617472 0.2513156147670162
1 0.5716016380417318 0.3520670526308302 0.13777214842538946 0.19957826958571173
1 0.47792360537594925 0.043011406777976 0.12107586617117846 0.086022813555952
1 0.5608836118730909 0.5555001435528281 0.16574399252879957 0.1713787381946223
1 0.7119761956683012 0.5578145102791247 0.13407251730694997 0.2167365746443482
1 0.8615557179698649 0.6945902161598069 0.1620333061289007 0.16754190077235462
1 0.501726076903638 0.7332450125791508 0.16576147872365432 0.17197969973308383
1 0.6495276429754667 0.7249731398046381 0.15462941952395892 0.1604691874662809
1 0.7601431515327641 0.8402521342533416 0.17192846986196358 0.1777734672317352
1 0.5825861494823279 0.8816225525598417 0.14469928340118635 0.14903569792997745
