1 0.7039039766466316 0.267483413897757 0.220143469653855 0.22258358954807717
1 0.3016793387843291 0.2821502269396904 0.204214264796332 0.20479202902088692
1 0.7933586088882448 0.43656492664006474 0.21217362231375686 0.2133873285152513
1 0.4670439416802139 0.46381147679305595 0.21586331012591187 0.21827894603336026
1 0.300920718028495 0.5140094805052887 0.1700477822159058 0.27788503368255885
1 0.6297380463249268 0.5613101361916671 0.1778288127478863 0.27626398702307714
1 0.7702669611591861 0.696738807719178 0.1713650933422342 0.2845235856757746
1 0.4845388598848591 0.7777931505713679 0.15947174044508186 0.2914553734359242
1 0.33195756805166765 0.7778460858944981 0.16106482860700227 0.2794781052719016
1 0.64329152097326 0.8559771155287932 0.21645378184170022 0.2176919720299682
1 0.5780708741249524 0.14801544321191287 0.15186158872196154 0.2684509845535525
1 0.4524773607630754 0.17993383007809868 0.2066810498862175 0.2084537483919339
