1 0.6615952482746263 0.3253245035009831 0.17895018039751612 0.17691471848527868
1 0.8592981093629277 0.34827124296140394 0.21534307107735054 0.1659230113107679
1 0.38571344692414566 0.40427634046175065 0.19060623772446592 0.18726392823041849
1 0.1105290124490388 0.4098828984478328 0.1788667576566241 0.19914330258776117
1 0.750456645573665 0.4757738306688857 0.19594445142574776 0.15848770259020847
1 0.5395056605081201 0.5034756881334997 0.19064820032967425 0.1890668128458031
1 0.22107997033392138 0.510787652279302 0.1900472387912127 0.18905982002520852
1 0.8939900479290603 0.5474408327009146 0.1654782558591615 0.21761227540639758
1 0.3815242209766565 0.5858646245654568 0.19688111380587614 0.17291777233387998
1 0.6851082131147442 0.6123883199089553 0.2012831675965545 0.1555458302832506
1 0.1513154965492527 0.6642850071610499 0.19249304755026725 0.19089067592297068
1 0.5354842849814643 0.6922755106987446 0.17612721066111134 0.1846922543823066
1 0.8198934580290604 0.7214268224551099 0.17650437163846178 0.17508386258751657
1 0.3203690342214216 0.7476775414973447 0.2062167477198719 0.1610104266941597
1 0.48023971431469026 0.07827890612759737 0.18704192862938057 0.15655781225519474
1 0.6570204009794879 0.800265932221053 0.16814736270980243 0.20322416258629245
1 0.4694374807081204 0.8505386009646182 0.20990644216105786 0.16465815284849528
1 0.3067721451948719 0.11184624816384804 0.18878936557401188 0.18664198823017367
1 0.6330528004438035 0.13209460094014377 0.1727312544563837 0.1936647205356633
1 0.8062426287403314 0.18658503886552946 0.18631558174481838 0.18360920925548832
1 0.48572182312286344 0.25884280608874427 0.17116615793717968 0.2038600882277263
1 0.2501728751160793 0.2627859148386728 0.19619672952652253 0.19513936361576803
