1 0.3409306158624362 0.5174880267906712 0.11016707069988317 0.1621667520617914
1 0.15389805722885572 0.5845631164664039 0.1384822670550154 0.16451957853145935
1 0.4129534094647213 0.6047570173725489 0.16086377920819464 0.15763759616814654
1 0.2823875269056353 0.6331705799934721 0.12779311318714234 0.1868663708684254
1 0.1807033610040383 0.7242045340738172 0.16474956462872334 0.16259221231321064
1 0.36299935295259683 0.7798235474691528 0.16220571037999745 0.16009041693445006
1 0.376028595321169 0.20447174828814926 0.134304611174282 0.1751409877739381
1 0.464948316047817 0.29122446036750504 0.11925686417185342 0.215296240508693
1 0.2498859435964712 0.3017377485808884 0.15206529540881372 0.15068419695786905
1 0.16915893957075043 0.3225438856971732 0.16980227110245527 0.16699484153227023
