1 0.08767045877631063 0.12467040896663475 0.17534091755262127 0.20738995129749974
1 0.8210734896131823 0.17289754308434593 0.2280453284659431 0.34579508616869187
1 0.5914852041691524 0.178769114012528 0.28818343781554145 0.357538228025056
1 0.26641355927123717 0.2729657698569801 0.27830233501167567 0.32453685689121403
1 0.08463028748689123 0.39754890671886606 0.16926057497378247 0.31547910963919096
1 0.5237431703040519 0.4547532230305777 0.28094742531032707 0.36604516233575307
1 0.7888647042627194 0.5366551829474815 0.26500116712816124 0.4138388602004994
1 0.3234058072176556 0.5988608441580827 0.3185527729207839 0.3228358288564728
1 0.14013471777133268 0.7403128633875846 0.28026943554266537 0.3270665809171386
1 0.33245719660198925 0.08005239760305599 0.28220099141140614 0.16010479520611198
1 0.6022022116213083 0.8091168175615986 0.33728746937170256 0.3411898595131881
1 0.3602310810448629 0.8794394955069974 0.31380062060677605 0.2290124000977604
